double[][] period0 = {  
        {0.15250886479593964,0.2610516793197853,0.11441768814194446,0.1265241345428162,0.3454976331995246},
        {0.14389124837314887,0.10513281153155449,0.1833462741873425,0.36788054102686596,0.1997491248810186},
        {0.1111207312911868,0.17499901413730568,0.2914581757577288,0.20433331657432438,0.2180887622394655},
        {0.0948730457966342,0.19288720600625753,0.19471332499886804,0.18018001280247228,0.3373464103957629},
        {0.18877271931210932,0.26521449714587747,0.13230019262559328,0.27631809895720494,0.13739449195931552}
        };    

double[][] period1 = {
        {0.1274517393962726,0.10526928843184565,0.35751329613481436,0.12240396832200726,0.2873617077151316},
        {0.3016290729137225,0.09902028076323677,0.17515717333485062,0.35620664945852193,0.06798682352968743},
        {0.0948730457966342,0.19288720600625753,0.19471332499886804,0.18018001280247228,0.3373464103957629},
        {0.18877271931210932,0.26521449714587747,0.13230019262559328,0.27631809895720494,0.13739449195931552},
        {0.17804585265772793,0.25651982583759037,0.3860867129515085,0.09453797159458521,0.08480963695844175}
        };

double[][] period2 = {
        {0.2311120677942418,0.07901250493611567,0.15795189397863776,0.24546018732208122,0.28646334596884354},
        {0.08823944830766299,0.26313933789756516,0.10406419933285384,0.3365866979847223,0.20797031647719286},
        {0.1274517393962726,0.10526928843184565,0.35751329613481436,0.12240396832200726,0.2873617077151316},
        {0.3016290729137225,0.09902028076323677,0.17515717333485062,0.35620664945852193,0.06798682352968743},
        {0.11962680738039468,0.1590225091909952,0.24009305610431117,0.11189649648370673,0.36936113084052996}
        };

double[][] period3 = {
        {0.17804585265772793,0.25651982583759037,0.3860867129515085,0.09453797159458521,0.08480963695844175},
        {0.08823944830766299,0.26313933789756516,0.10406419933285384,0.3365866979847223,0.20797031647719286},
        {0.1274517393962726,0.10526928843184565,0.35751329613481436,0.12240396832200726,0.2873617077151316},
        {0.0948730457966342,0.19288720600625753,0.19471332499886804,0.18018001280247228,0.3373464103957629},
        {0.3962773409768214,0.12002724792315751,0.15722439889764284,0.11854502459707339,0.20792598760527947}
        };